        Mkt-RF     SMB     HML      RF
196901   -1.25   -0.79    1.69    0.53
196902   -5.84   -3.88    0.92    0.46
196903    2.64   -0.26   -0.45    0.46
196904    1.46   -0.87    0.06    0.53
196905   -0.10   -0.27    0.73    0.48
196906   -7.18   -5.39   -1.10    0.51
196907   -7.00   -3.21    1.41    0.53
196908    4.68    0.94   -3.85    0.50
196909   -2.98    1.22   -3.21    0.62
196910    5.06    3.80   -3.22    0.60
196911   -3.79   -2.53   -1.11    0.52
196912   -2.63   -3.67   -3.08    0.64
197001   -8.10    2.91    3.07    0.60
197002    5.13   -2.39    4.02    0.62
197003   -1.06   -2.32    4.25    0.57
197004  -11.00   -6.11    6.39    0.50
197005   -6.92   -4.51    3.63    0.53
197006   -5.79   -2.13    0.79    0.58
197007    6.93   -0.55    1.05    0.52
197008    4.49    1.53    1.08    0.53
197009    4.18    8.62   -5.50    0.54
197010   -2.28   -4.22    0.21    0.46
197011    4.59   -4.07    1.69    0.46
197012    5.72    2.93    0.98    0.42
197101    4.84    7.44    1.35    0.38
197102    1.41    1.90   -1.34    0.33
197103    4.13    2.57   -3.99    0.30
197104    3.15   -0.48    0.74    0.28
197105   -3.98   -1.11   -1.37    0.29
197106   -0.10   -1.43   -2.00    0.37
197107   -4.50   -1.50    0.17    0.40
197108    3.79   -0.18    2.71    0.47
197109   -0.85    0.41   -2.94    0.37
197110   -4.42   -1.78   -0.47    0.37
197111   -0.46   -2.83   -1.74    0.37
197112    8.71    3.29   -0.30    0.37
197201    2.49    6.11    2.03    0.29
197202    2.87    1.38   -2.76    0.25
197203    0.63   -0.27   -1.69    0.27
197204    0.29    0.00    0.22    0.29
197205    1.25   -2.79   -2.69    0.30
197206   -2.43    0.33   -2.48    0.29
197207   -0.80   -2.88    0.77    0.31
197208    3.26   -4.07    4.68    0.29
197209   -1.14   -2.69    0.49    0.34
197210    0.52   -2.71    1.32    0.40
197211    4.60   -1.12    4.78    0.37
197212    0.62   -1.86   -2.29    0.37
197301   -3.29   -3.50    2.68    0.44
197302   -4.85   -3.99    1.68    0.41
197303   -1.29   -2.87    2.84    0.46
197304   -5.68   -3.98    5.66    0.52
197305   -2.94   -6.11    0.19    0.51
197306   -1.56   -2.94    1.43    0.51
197307    5.04    7.86   -5.18    0.64
197308   -3.84   -2.05    1.18    0.70
197309    4.75    2.92    2.11    0.68
197310   -0.86   -0.17    1.74    0.65
197311  -12.74   -7.71    4.00    0.56
197312    0.58   -5.33    4.25    0.64
197401   -0.17    9.87    5.86    0.63
197402   -0.48    0.01    2.55    0.58
197403   -2.81    2.49   -0.09    0.56
197404   -5.29   -0.72    1.01    0.75
197405   -4.67   -3.04   -2.07    0.75
197406   -2.83   -0.16    0.79    0.60
197407   -8.05    0.88    5.21    0.70
197408   -9.35   -0.70    2.57    0.60
197409  -11.77    0.26    5.52    0.81
197410   16.10   -3.50   -9.72    0.51
197411   -4.51   -1.19   -0.08    0.54
197412   -3.44   -4.84    0.06    0.70
197501   13.66   11.02    8.21    0.58
197502    5.56    0.17   -4.53    0.43
197503    2.66    3.78    2.42    0.41
197504    4.23   -0.50   -1.16    0.44
197505    5.19    3.83   -4.07    0.44
197506    4.82    0.77    1.29    0.41
197507   -6.59    2.71    1.65    0.48
197508   -2.85   -3.20   -0.90    0.48
197509   -4.26   -0.11    0.33    0.53
197510    5.31   -3.99    0.29    0.56
197511    2.65   -1.20    1.99    0.41
197512   -1.60   -0.77    1.78    0.48
197601   12.16    4.79    8.60    0.47
197602    0.32    7.01    5.85    0.34
197603    2.33   -1.16   -0.02    0.40
197604   -1.49   -0.07   -0.02    0.42
197605   -1.35   -1.25   -1.31    0.37
197606    4.05   -1.38    0.73    0.43
197607   -1.07    0.30    1.73    0.47
197608   -0.56   -2.00    0.77    0.42
197609    2.06    0.00   -0.28    0.44
197610   -2.42    0.25   -0.13    0.41
197611    0.36    2.35    1.52    0.40
197612    5.65    3.00    2.23    0.40
197701   -4.05    4.78    4.26    0.36
197702   -1.95    1.10    0.48    0.35
197703   -1.37    1.00    1.04    0.38
197704    0.15   -0.11    3.45    0.38
197705   -1.46    1.20    0.83    0.37
197706    4.71    2.13   -0.64    0.40
197707   -1.69    2.13   -0.61    0.42
197708   -1.75    1.51   -2.79    0.44
197709   -0.27    1.44   -0.51    0.43
197710   -4.38    1.26    1.71    0.49
197711    4.00    3.69    0.35    0.50
197712    0.27    1.34   -0.34    0.49
197801   -6.01    2.22    3.29    0.49
197802   -1.38    3.57    0.80    0.46
197803    2.85    3.44    1.25    0.53
197804    7.88    0.39   -3.47    0.54
197805    1.76    4.59   -0.60    0.51
197806   -1.69    1.69    0.58    0.54
197807    5.11    0.27   -1.11    0.56
197808    3.75    5.09   -0.48    0.56
197809   -1.43   -0.41    1.88    0.62
197810  -11.91   -9.90    1.36    0.68
197811    2.71    3.02   -2.21    0.70
197812    0.88    1.24   -2.19    0.78
197901    4.23    3.69    2.25    0.77
197902   -3.56    0.46    1.18    0.73
197903    5.68    3.19   -0.65    0.81
197904   -0.06    2.16    1.07    0.80
197905   -2.21    0.49    1.83    0.82
197906    3.85    1.16    1.44    0.81
197907    0.82    1.26    1.72    0.77
197908    5.53    2.08   -1.52    0.77
197909   -0.82   -0.26   -0.92    0.83
197910   -8.10   -3.33   -1.86    0.87
197911    5.21    2.74   -3.28    0.99
197912    1.79    4.17   -2.01    0.95
198001    5.51    1.65    1.82    0.80
198002   -1.22   -1.81    0.61    0.89
198003  -12.90   -6.64   -1.06    1.21
198004    3.97    0.97    1.06    1.26
198005    5.26    2.16    0.40    0.81
198006    3.06    1.67   -0.90    0.61
198007    6.49    4.24   -6.35    0.53
198008    1.80    3.90   -2.65    0.64
198009    2.19    0.86   -4.74    0.75
198010    1.06    2.49   -2.77    0.95
198011    9.59   -3.48   -8.45    0.96
198012   -4.52   -0.28    2.69    1.31
198101   -5.04    3.00    6.82    1.04
198102    0.56   -0.30    1.02    1.07
198103    3.56    3.58    0.70    1.21
198104   -2.10    4.43    2.29    1.08
198105    0.11    2.01   -0.41    1.15
198106   -2.36   -0.84    5.09    1.35
198107   -1.54   -2.17   -0.60    1.24
198108   -7.03   -1.95    4.83    1.28
198109   -7.17   -2.66    5.17    1.24
198110    4.92    2.16   -4.19    1.21
198111    3.36   -0.96    1.90    1.07
198112   -3.65    1.19    0.75    0.87
198201   -3.24   -1.28    3.12    0.80
198202   -5.86    0.45    6.04    0.92
198203   -1.87   -0.18    3.82    0.98
198204    3.27    1.51   -2.80    1.13
198205   -3.99    0.46    1.83    1.06
198206   -3.09   -0.39    1.54    0.96
198207   -3.19    0.86    0.20    1.05
198208   11.14   -4.11    1.16    0.76
198209    1.29    2.89    0.34    0.51
198210   11.30    2.36   -3.69    0.59
198211    4.67    4.79   -1.92    0.63
198212    0.55   -0.18    0.02    0.67
198301    3.60    2.70   -0.86    0.69
198302    2.59    3.24    0.68    0.62
198303    2.82    1.77    2.07    0.63
198304    6.67    0.52    0.58    0.71
198305    0.52    6.15   -1.40    0.69
198306    3.07    0.91   -3.89    0.67
198307   -4.07    1.48    5.58    0.74
198308   -0.50   -4.29    5.54    0.76
198309    0.92    0.56    1.06    0.76
198310   -3.44   -3.60    5.00    0.76
198311    2.16    2.05   -0.65    0.70
198312   -1.78   -0.28    1.68    0.73
198401   -1.92   -0.42    7.60    0.76
198402   -4.82   -1.68    3.31    0.71
198403    0.63    0.08    0.49    0.73
198404   -0.52   -1.19    1.24    0.81
198405   -5.97    0.04    0.23    0.78
198406    1.82   -0.28   -2.63    0.75
198407   -2.74   -2.22    0.39    0.82
198408   10.28   -0.22   -1.83    0.83
198409   -0.80    0.21    5.31    0.86
198410   -0.84   -1.20    0.48    1.00
198411   -1.76   -0.62    4.04    0.73
198412    1.84   -0.58   -0.14    0.64
198501    7.99    3.26   -5.39    0.65
198502    1.22    0.78   -0.17    0.58
198503   -0.84   -1.11    4.03    0.62
198504   -0.96    0.17    3.71    0.72
198505    5.09   -2.27   -0.88    0.66
198506    1.27    0.48    0.43    0.55
198507   -0.74    2.85   -1.67    0.62
198508   -1.02   -0.32    2.29    0.55
198509   -4.54   -1.59    1.29    0.60
198510    4.02   -1.56    0.77    0.65
198511    6.48    0.21   -2.93    0.61
198512    3.88   -0.49   -1.56    0.65
198601    0.65    1.20    0.53    0.56
198602    7.13   -0.64   -0.88    0.53
198603    4.88   -0.51   -0.51    0.60
198604   -1.31    2.83   -2.90    0.52
198605    4.62   -1.31   -0.12    0.49
198606    1.03   -0.93    1.39    0.52
198607   -6.45   -3.37    4.76    0.52
198608    6.07   -4.17    3.52    0.46
198609   -8.60    2.28    3.20    0.45
198610    4.66   -2.56   -1.44    0.46
198611    1.17   -1.98   -0.09    0.39
198612   -3.27    0.08    0.31    0.49
198701   12.47   -1.79   -3.21    0.42
198702    4.39    3.46   -5.96    0.43
198703    1.64    0.40    1.59    0.47
198704   -2.11   -1.70   -0.32    0.44
198705    0.11   -0.55    0.16    0.38
198706    3.94   -2.17    1.06    0.48
198707    3.85   -0.63    0.71    0.46
198708    3.52   -0.75   -0.91    0.47
198709   -2.59    0.54    0.28    0.45
198710  -23.24   -8.40    4.20    0.60
198711   -7.77    2.64    3.23    0.35
198712    6.81    0.15   -4.43    0.39
198801    4.21   -0.69    5.16    0.29
198802    4.75    3.35   -1.64    0.46
198803   -2.27    6.15    0.74    0.44
198804    0.56    0.96    1.70    0.46
198805   -0.29   -2.65    2.28    0.51
198806    4.79    2.10   -1.12    0.49
198807   -1.25   -0.19    2.26    0.51
198808   -3.31    0.09    2.08    0.59
198809    3.30   -1.27   -0.67    0.62
198810    1.15   -2.90    1.67    0.61
198811   -2.29   -1.72    1.27    0.57
198812    1.49    1.94   -1.54    0.63
198901    6.10   -2.13    0.53    0.55
198902   -2.25    2.77    0.86    0.61
198903    1.57    0.73    0.48    0.67
198904    4.33   -0.60   -1.45    0.67
198905    3.35   -0.04   -0.84    0.79
198906   -1.35   -1.01    2.17    0.71
198907    7.20   -4.02   -2.81    0.70
198908    1.44    0.53    0.65    0.74
198909   -0.76    0.30   -1.34    0.65
198910   -3.67   -3.26   -1.09    0.68
198911    1.03   -1.22   -1.08    0.69
198912    1.16   -2.38    0.24    0.61
199001   -7.85   -1.30    0.89    0.57
199002    1.11    1.05    0.63    0.57
199003    1.83    1.48   -2.86    0.64
199004   -3.36   -0.50   -2.58    0.69
199005    8.42   -2.56   -3.74    0.68
199006   -1.09    1.45   -2.01    0.63
199007   -1.90   -3.20   -0.01    0.68
199008  -10.14   -3.59    1.60    0.66
199009   -6.12   -3.67    0.74    0.60
199010   -1.92   -5.54    0.25    0.68
199011    6.35    0.33   -3.07    0.57
199012    2.46    0.82   -1.55    0.60
199101    4.69    3.80   -1.84    0.52
199102    7.19    3.91   -0.60    0.48
199103    2.65    3.90   -1.20    0.44
199104   -0.28    0.51    1.40    0.53
199105    3.64   -0.34   -0.55    0.47
199106   -4.94    0.06    1.19    0.42
199107    4.24   -0.94   -1.29    0.49
199108    2.32    1.60   -0.80    0.46
199109   -1.59    1.63   -1.00    0.46
199110    1.28    0.89   -0.48    0.42
199111   -4.19   -0.48   -1.92    0.39
199112   10.83   -2.25   -4.04    0.38
199201   -0.59    8.46    4.53    0.34
199202    1.09    0.88    6.38    0.28
199203   -2.65   -1.02    3.67    0.34
199204    1.08   -6.10    4.32    0.32
199205    0.30    0.39    1.25    0.28
199206   -2.34   -3.10    3.39    0.32
199207    3.77   -0.43   -0.53    0.31
199208   -2.38   -0.11   -1.05    0.26
199209    1.19    0.55   -0.24    0.26
199210    1.02    2.05   -2.09    0.23
199211    4.13    3.70   -1.47    0.23
199212    1.53    1.65    2.52    0.28
199301    0.93    2.05    5.89    0.23
199302    0.13   -3.42    6.46    0.22
199303    2.30    0.25    1.26    0.25
199304   -3.05   -0.68    2.63    0.24
199305    2.88    1.96   -3.42    0.22
199306    0.31   -0.30    2.62    0.25
199307   -0.34    0.95    3.26    0.24
199308    3.72    0.31   -0.45    0.25
199309   -0.12    3.11   -0.49    0.26
199310    1.41    1.44   -1.56    0.22
199311   -1.89   -1.43   -0.26    0.25
199312    1.65    1.22    0.57    0.23
199401    2.87    0.14    2.10    0.25
199402   -2.56    2.72   -1.41    0.21
199403   -4.78   -0.96    1.34    0.27
199404    0.68   -0.91    1.69    0.27
199405    0.58   -2.01    0.18    0.31
199406   -3.03   -0.48    1.68    0.31
199407    2.82   -1.78    0.98    0.28
199408    4.01    1.45   -3.47    0.37
199409   -2.31    2.68   -1.81    0.37
199410    1.34   -2.20   -2.36    0.38
199411   -4.04   -0.17   -0.05    0.37
199412    0.86    0.05    0.26    0.44
199501    1.80   -2.96    1.64    0.42
199502    3.63   -0.33    0.38    0.40
199503    2.18   -0.37   -2.06    0.46
199504    2.11   -0.41    1.70    0.44
199505    2.90   -2.23    1.91    0.54
199506    2.72    3.06   -2.98    0.47
199507    3.72    2.21   -2.21    0.45
199508    0.55    1.84    1.92    0.47
199509    3.35   -2.07   -0.94    0.43
199510   -1.52   -3.94   -0.11    0.47
199511    3.95   -0.82    0.33    0.42
199512    1.03    0.37    1.41    0.49
199601    2.26   -2.48    0.40    0.43
199602    1.33    2.05   -2.33    0.39
199603    0.73    1.30    1.28    0.39
199604    2.06    4.89   -4.05    0.46
199605    2.36    3.16   -1.40    0.42
199606   -1.14   -3.64    1.92    0.40
199607   -5.97   -3.59    4.38    0.45
199608    2.76    2.30   -0.57    0.41
199609    5.01   -0.82   -3.76    0.44
199610    0.86   -4.11    4.82    0.42
199611    6.25   -3.60    0.16    0.41
199612   -1.70    3.08    0.99    0.46
199701    4.99   -1.52   -2.33    0.45
199702   -0.49   -2.61    4.69    0.39
199703   -5.03   -0.32    3.86    0.43
199704    4.04   -5.19   -1.02    0.43
199705    6.74    4.83   -4.38    0.49
199706    4.10    1.50    0.72    0.37
199707    7.33   -2.52   -0.13    0.43
199708   -4.15    7.34    1.37    0.41
199709    5.35    2.68   -0.25    0.44
199710   -3.80   -0.79    2.21    0.42
199711    2.98   -5.07    1.01    0.39
199712    1.32   -2.40    3.84    0.48
199801    0.15   -0.94   -2.07    0.43
199802    7.03    0.32   -0.86    0.39
199803    4.76   -0.99    1.23    0.39
199804    0.73    0.48    0.27    0.43
199805   -3.07   -3.54    4.12    0.40
199806    3.18   -3.15   -2.22    0.41
199807   -2.46   -4.92   -1.15    0.40
199808  -16.08   -5.75    5.24    0.43
199809    6.15   -0.15   -3.88    0.46
199810    7.13   -3.20   -2.77    0.32
199811    6.10    1.14   -3.43    0.31
199812    6.16   -0.30   -4.70    0.38
