date        pg      sp         abt
19620131 -0.094005 -0.037876 0.014286
19620228 -0.039275 0.01627 0.042254
19620330 0.078616 -0.00586 0.053378
19620430 -0.053936 -0.06197 -0.003226
19620531 -0.102167 -0.08599 -0.145631
19620629 -0.137931 -0.081838 -0.034848
19620731 0.118 0.063562 -0.003953
19620831 -0.008993 0.015284 -0.079365
19620928 -0.110708 -0.048207 0.046552
19621031 0.036735 0.004443 0.074689
19621130 0.124752 0.101557 0.07722
19621231 0.003521 0.013492 0.104659
19630131 0.033684 0.049128 0.022876
19630228 -0.030717 -0.028852 0.051118
19630329 0.042254 0.035464 0.085714
19630430 0.056081 0.04852 0.101408
19630531 -0.016077 0.014327 -0.021739
19630628 -0.009804 -0.020198 -0.016993
19630731 -0.027723 -0.00346 0.154787
19630830 0.075085 0.048749 0.106481
19630930 0.003175 -0.011034 -0.021967
19631031 0.008228 0.032218 -0.054118
19631129 0 -0.010539 0.047727
19631231 0.007886 0.024444 0.05423
19640131 0.033646 0.026926 0.021399
19640228 -0.006088 0.009865 -0.064777
19640331 0.036753 0.015167 -0.04329
19640430 -0.034712 0.006077 0.012217
19640528 -0.012308 0.011452 0.061798
19640630 0.031153 0.016424 -0.028571
19640731 0.023414 0.01824 0.122876
19640831 0.001484 -0.01623 -0.134503
19640930 0.004444 0.028718 0.094595
19641030 -0.009587 0.008078 0.004938
19641130 -0.053892 -0.005185 0.070988
19641231 0.031646 0.003909 0.083573
19650129 -0.040337 0.033156 0.004787
19650226 -0.030547 -0.001485 -0.037234
19650331 -0.021559 -0.014526 -0.005525
19650430 0.03 0.034239 0.032778
19650528 -0.021523 -0.007743 0.035135
19650630 -0.021997 -0.048632 -0.067885
19650730 0.025433 0.013433 -0.008403
19650831 -0.03056 0.022522 -0.022727
19650930 0.005254 0.032006 -0.06686
19651029 -0.01446 0.027345 0.018692
19651130 0.017794 -0.008764 0.003077
19651231 -0.02972 0.008951 0.165644
19660131 0.009009 0.004869 -0.021053
19660228 -0.071942 -0.017873 -0.07027
19660331 0.023256 -0.021815 -0.05814
19660429 -0.056818 0.020509 0
19660531 0.036437 -0.05414 -0.037267
19660630 0.003906 -0.016138 -0.045161
19660729 0.048638 -0.013453 0.060811
19660831 0.035514 -0.077751 0.019231
19660930 0.037906 -0.007004 -0.025157
19661031 0.050435 0.047544 0.096774
19661130 -0.02 0.003117 0.106509
19661230 -0.006803 -0.001492 -0.016043
19670131 0.079452 0.078178 -0.059783
19670228 -0.009585 0.001963 0.023256
19670331 0.085484 0.03941 0.048295
19670428 0.015453 0.042239 0.00271
19670531 0.010309 -0.052441 0.046196
19670630 0.008746 0.017512 -0.025974
19670731 0.126301 0.045344 -0.024
19670831 -0.025806 -0.011715 0.063187
19670929 -0.006623 0.032785 0.059432
19671031 -0.050133 -0.029056 -0.073171
19671130 -0.011299 0.001065 -0.018519
19671229 0.054286 0.026277 0.013477
19680131 -0.093767 -0.043848 -0.026596
19680229 0.024096 -0.031223 -0.06044
19680329 0.026471 0.0094 0.038012
19680430 0.084241 0.081929 0.233803
19680531 -0.011968 0.011169 0.075688
19680628 0 0.00912 0.006397
19680731 -0.008345 -0.018478 0.097458
19680830 0.012295 0.011459 -0.023256
19680930 -0.05668 0.038539 0.005952
19681031 0.016881 0.007208 0.061144
19681129 0.113314 0.047964 0.095149
19681231 -0.119593 -0.041617 -0.063032
19690131 -0.004046 -0.008184 0.036364
19690228 -0.02924 -0.047374 -0.033451
19690328 0.040663 0.034444 0.009107
19690430 0.024891 0.021476 0.052708
19690529 0.072546 -0.002218 0.005164
19690630 -0.055703 -0.055577 -0.078767
19690731 0.01573 -0.060178 -0.007063
19690829 0.058496 0.040074 0.056391
19690930 0.026316 -0.025024 0.060498
19691031 0.136154 0.044244 -0.039933
19691128 -0.038593 -0.035274 0.082456
19691231 0.034238 -0.018655 -0.008104
19700130 0.019635 -0.076472 -0.042157
19700227 -0.015766 0.052693 0.035959
19700331 -0.002288 0.001453 -0.031405
19700430 -0.079587 -0.090483 -0.054266
19700529 -0.016311 -0.060967 -0.097826
19700630 -0.040816 -0.050033 -0.012048
19700731 0.11383 0.073295 0.032927
19700831 0.002404 0.044459 -0.013834
19700930 0.014388 0.032998 0.09018
19701030 0.039716 -0.0114 0.022426
19701130 0.086957 0.047447 0.081227
19701231 -0.023158 0.056766 0.008347
19710129 0.014655 0.040477 0.05
19710226 0 0.009074 0.015823
19710331 0.066239 0.036796 -0.076324
19710430 -0.024449 0.036288 -0.024958
19710528 -0.016529 -0.041558 -0.034722
19710630 0.088235 0.000703 -0.066547
19710730 0.034749 -0.041324 -0.097881
19710831 0.080675 0.036095 0.085837
19710930 -0.013889 -0.006968 0.023715
19711029 0.005282 -0.041794 -0.069112
19711130 0.008803 -0.002547 -0.03125
19711231 0.095986 0.086179 0.109677
19720131 0.023885 0.018121 0.039147
19720229 0.073437 0.025303 0.076779
19720330 0.032023 0.005912 -0.029565
19720428 0.036671 0.004384 0.021864
19720531 0.076503 0.017275 0.054577
19720630 -0.053299 -0.021821 0.038397
19720731 0.039035 0.002333 0.04373
19720831 0.003886 0.034454 -0.018547
19720929 0.011613 -0.004861 -0.056693
19721031 0.075408 0.009317 0.007012
19721130 0.029762 0.045617 -0.033278
19721229 0.031214 0.011828 -0.036145
19730131 -0.021166 -0.017111 0.052143
19730228 -0.017241 -0.03749 -0.003407
19730330 -0.054971 -0.001433 0.047863
19730430 -0.009752 -0.0408 -0.072757
19730531 -0.02133 -0.018884 -0.060071
19730629 0.066667 -0.006575 -0.007519
19730731 0.092067 0.037982 0.089773
19730831 -0.129282 -0.036685 -0.078534
19730928 0.005076 0.040096 -0.020833
19731031 0.046212 -0.001291 0.054932
19731130 -0.078788 -0.113861 -0.154696
19731231 -0.031579 0.016569 -0.130719
19740131 -0.022283 -0.010046 0.043609
19740228 -0.015363 -0.003624 0.045894
19740329 0.004255 -0.02328 -0.004619
19740430 0.064407 -0.039051 0.036288
19740531 0.045333 -0.033551 0.018018
19740628 0.017857 -0.014665 -0.022124
19740731 -0.044361 -0.077791 -0.066425
19740830 -0.1278 -0.090279 -0.234146
19740930 -0.117825 -0.119335 -0.178344
19741031 0.194521 0.163047 0.382326
19741129 -0.04611 -0.05318 0.067797
19741231 -0.015106 -0.020151 0.074074
19750131 0.127301 0.122812 0.105025
19750228 0.032832 0.059886 0.118834
19750331 0.01457 0.021694 0.116232
19750430 0 0.047265 0.041077
19750530 0.018373 0.044101 0.024263
19750630 0.011598 0.044323 0.032149
19750731 -0.082803 -0.067654 -0.011672
19750829 -0.055866 -0.02107 -0.013333
19750930 -0.017751 -0.034645 -0.070946
19751031 0.075301 0.061643 0.133091
19751128 0.047887 0.024708 0.058065
19751231 -0.043011 -0.011508 0.006098
19760130 0.039326 0.118306 0.047273
19760227 -0.077446 -0.011402 -0.06686
19760331 0.066274 0.030689 0.130841
19760430 -0.01326 -0.010995 -0.006171
19760528 -0.004225 -0.014364 -0.008357
19760630 0.07355 0.040926 -0.005618
19760730 0.017655 -0.008055 0.069944
19760831 -0.009115 -0.005124 0.074271
19760930 0.015769 0.022641 0.02963
19761029 -0.011125 -0.022235 0.021007
19761130 -0.014474 -0.007775 -0.089623
19761231 0 0.052498 0.018135
19770131 -0.073164 -0.05053 -0.073791
19770228 -0.043541 -0.02166 -0.005525
19770331 -0.040971 -0.014025 -0.033333
19770429 -0.010759 0.000203 -0.037356
19770531 -0.043548 -0.023568 -0.054054
19770630 0.080944 0.04536 0.126984
19770729 0.003432 -0.016222 0.054648
19770831 0.081505 -0.021042 0.056452
19770930 -0.013043 -0.00248 0.043257
19771031 -0.018796 -0.043406 -0.025854
19771130 0.030166 0.026966 0.078086
19771230 0.005857 0.002847 0.056075
19780131 -0.073945 -0.061514 -0.087611
19780228 -0.026941 -0.024762 0.002439
19780331 -0.034202 0.024931 0.075426
19780428 0.150084 0.085416 0.090226
19780531 0.013314 0.004234 0.052192
19780630 0.00438 -0.017585 0.027778
19780731 0.059593 0.05391 0.156139
19780831 -0.035961 0.025924 -0.036913
19780929 -0.001435 -0.007261 -0.027875
19781031 -0.043103 -0.091574 -0.083584
19781130 0.039394 0.01664 0
19781229 0.036443 0.014889 0.062992
19790131 -0.040788 0.039746 -0.001185
19790228 -0.038462 -0.036526 -0.108209
19790330 -0.003077 0.055152 0.100418
19790430 -0.001852 0.001673 -0.011407
19790531 0.007813 -0.026336 -0.027132
19790629 -0.046512 0.038656 0.087649
19790731 -0.024715 0.008746 0.03663
19790831 0.080944 0.053078 0.05694
19790928 -0.035881 0 0.03367
19791031 -0.027832 -0.068606 -0.003257
19791130 -0.003367 0.042624 0.049342
19791231 0.003378 0.016767 0.031348
19800131 -0.017172 0.057625 -0.051672
19800229 -0.012132 -0.00438 -0.03871
19800331 -0.049123 -0.101795 -0.016779
19800430 0.067897 0.04114 0.103754
19800530 0.089161 0.046571 0.062305
19800630 -0.05297 0.026969 -0.01173
19800731 0.104407 0.065039 0.149555
19800829 -0.024845 0.005835 -0.005195
19800930 -0.089172 0.025168 0.075718
19801031 -0.040909 0.016021 -0.028155
19801128 0.040665 0.102377 0.075377
19801231 -0.021314 -0.033874 0.056075
19810130 -0.01343 -0.045742 -0.021239
19810227 0.065299 0.013277 0.088636
19810331 -0.012259 0.036033 0.002088
19810430 0.031206 -0.023456 -0.0315
19810529 -0.017422 -0.001657 -0.034632
19810630 0.074468 -0.010408 0.130045
19810731 -0.028713 -0.00221 -0.113333
19810831 -0.04475 -0.062099 -0.058559
19810930 0.063063 -0.053832 -0.004785
19811030 0.075254 0.049148 0.088654
19811130 0.025559 0.03659 0.053333
19811231 0.001558 -0.030075 -0.088608
19820129 0.073717 -0.017544 0.080741
19820226 -0.02346 -0.060548 -0.008621
19820331 -0.006006 -0.010167 0.008696
19820430 0.047432 0.040014 0.058966
19820528 -0.020438 -0.039162 -0.053279
19820630 -0.010432 -0.02029 -0.008658
19820730 0.038253 -0.022991 0.059738
19820831 0.117474 0.115977 0.161826
19820930 0.030223 0.007614 -0.003571
19821029 0.093622 0.110364 0.074122
19821130 0.120141 0.036123 0.026846
19821231 -0.005258 0.015158 0.013072
19830131 -0.038478 0.033134 0.047355
19830228 0.015556 0.018995 -0.006192
19830331 0.063457 0.033095 0.071651
19830429 -0.000412 0.074922 0.087209
19830531 -0.10395 -0.012346 -0.067204
19830630 0.023202 0.035224 0.10951
19830729 -0.05034 -0.033014 0.015584
19830831 0.033816 0.011319 -0.033419
19830930 0.03972 0.010158 0.029255
19831031 0.008539 -0.015174 0.05168
19831130 0.067568 0.017426 -0.11358
19831230 -0.040084 -0.008834 0.008357
19840131 -0.101538 -0.009216 -0.030387
19840229 -0.066832 -0.038859 -0.031519
19840330 0.023873 0.013498 -0.026627
19840430 -0.005699 0.005466 0.083283
19840531 0.039578 -0.059356 -0.107345
19840629 0.063452 0.017469 0.10443
19840731 0.017184 -0.016451 0.004011
19840831 0.064133 0.106332 0.086207
19840928 -0.002232 -0.00348 -0.119048
19841031 0.049664 -6e-05 -0.004805
19841130 -0.00431 -0.015112 0.00304
19841231 -0.012987 0.022374 0.012121
19850131 -0.001754 0.074085 0.138922
19850228 0.011111 0.008685 0.013228
19850329 -0.024176 -0.002925 0.10705
19850430 -0.049099 -0.004594 -0.031132
19850531 0.033573 0.054051 0.061275
19850628 0.044084 0.012134 0.060046
19850731 0.029333 -0.004848 -0.02658
19850830 0.004367 -0.011995 0.042793
19850930 -0.019565 -0.034724 -0.019438
19851031 0.135698 0.042509 0.032599
19851129 0.059172 0.065062 0.06867
19851231 0.039106 0.045061 0.098394
19860131 -0.046237 0.002367 0.010603
19860228 0.047438 0.071489 0.027273
19860331 0.067029 0.052794 0.221239
19860430 0.00747 -0.014148 0.00487
19860530 0.059524 0.050229 0.072464
19860630 0.028892 0.01411 0.162162
19860731 -0.025897 -0.058683 -0.061209
19860829 0.033926 0.071193 -0.012438
19860930 -0.153125 -0.085439 -0.156171
19861031 0.116974 0.054729 0.031881
19861128 0.036667 0.021477 0.09593
19861231 -0.017685 -0.028288 -0.03183
19870130 0.161047 0.131767 0.196384
19870227 -0.014205 0.036924 0.108046
19870331 0.060519 0.02639 0
19870430 -0.071467 -0.01145 -0.004149
19870529 0.079646 0.006034 0.006276
19870630 0.071038 0.047915 0.037422
19870731 -0.042857 0.048224 0.014028
19870831 0.104698 0.034959 -0.003968
19870930 -0.018226 -0.024166 -0.059761
19871030 -0.119554 -0.21763 -0.152542
19871130 -0.077904 -0.085349 -0.133166
19871231 0.049155 0.072861 0.118841
19880129 0.002343 0.040432 0.015544
19880229 -0.007364 0.041817 0.066667
19880331 -0.075668 -0.033343 -0.098558
19880429 -0.000642 0.009425 -0.020267
19880531 -0.009724 0.003176 0.016438
19880630 0.01473 0.043256 -0.02965
19880729 -0.021613 -0.005411 0.009444
19880831 -0.006656 -0.0386 0.033241
19880930 0.072027 0.039729 0.034853
19881031 0.041563 0.025964 0.001036
19881130 -0.009077 -0.018891 -0.041667
19881230 0.062595 0.014688 0.046196
19890131 0.068103 0.071115 0.024416
19890228 -0.037992 -0.028944 0.043367
19890331 0.043724 0.020806 0.070905
19890428 0.042432 0.05009 0.015525
19890531 0.07451 0.035138 0.072398
19890630 0.054745 -0.007925 -0.021097
19890731 0.108881 0.08837 0.139655
19890831 0.07644 0.015517 -0.038023
19890929 -0.066148 -0.006544 0.007905
19891031 0.083542 -0.025175 0.02902
19891130 0.002904 0.016541 0.061303
19891229 0.084942 0.021417 -0.018051
19900131 -0.082562 -0.068817 -0.038971
19900228 -0.001953 0.008539 -0.013462
19900330 0.060665 0.024255 0.025341
19900430 0.049077 -0.026887 0.021597
19900531 0.169912 0.091989 0.121723
19900629 0.054463 -0.008886 0.095159
19900731 0.000861 -0.005223 0.066098
19900831 -0.112392 -0.094314 -0.08046
19900928 -0.053571 -0.051184 -0.021875
19901031 0.085763 -0.006698 0.053291
19901130 0.054054 0.059934 0.064024
19901231 0.045249 0.024828 0.031519
19910131 -0.079365 0.041518 -0.028667
19910228 0.025237 0.067281 0.066092
19910328 0.047692 0.022203 0.03504
19910430 -0.008811 0.000346 0.059896
19910531 0.014903 0.038577 0.014815
19910628 -0.091043 -0.047893 0.007299
19910731 0.050081 0.044859 0.045894
19910830 0.034056 0.019649 0.006961
19910930 0.016467 -0.019144 -0.006912
19911031 -0.008837 0.01186 0.097448
19911129 -0.03139 -0.043928 -0.021231
19911231 0.158951 0.111588 0.195228
19920131 0.110519 -0.0199 -0.068966
19920228 -0.020482 0.009565 -0.003914
19920331 0.00615 -0.021832 -0.041257
19920430 0.015159 0.027893 0.086885
19920529 -0.004843 0.000964 0.00947
19920630 -0.104623 -0.017359 -0.106942
19920731 0.106522 0.039374 0.026134
19920831 -0.074074 -0.023998 0.004115
19920930 0.053333 0.009106 -0.07377
19921030 0.076456 0.002106 0.031858
19921130 0.026005 0.030262 0.060345
19921231 -0.011521 0.010108 -0.012195
19930129 -0.067133 0.007046 -0.089712
19930226 0.045226 0.010484 -0.05
19930331 -0.040865 0.018697 -0.014354
19930430 -0.009524 -0.025417 0.089126
19930528 0 0.022717 -0.026906
19930630 0.058524 0.000755 -0.0553
19930730 -0.056538 -0.005327 -0.017756
19930831 -0.007692 0.034432 0.04
19930930 -0.018088 -0.009988 0.052885
19931029 0.148632 0.019393 0.04274
19931130 0.046083 -0.012911 0.030837
19931231 0.004405 0.010091 0.012821
19940131 0.049298 0.032501 0.001519
19940228 -0.033613 -0.030045 -0.063559
19940331 -0.069565 -0.045746 -0.036199
19940429 0.068879 0.011531 0.072864
19940531 -0.008791 0.012419 0.052863
19940630 -0.053215 -0.026812 -0.029289
19940729 0.051054 0.031467 -0.023621
19940831 0.091928 0.037643 0.066667
19940930 -0.020534 -0.026898 0.045833
19941031 0.060377 0.020834 -0.005896
19941130 -0.005964 -0.039505 0.028226
19941230 -0.008 0.012299 0.023529
19950131 0.056048 0.024278 0.090115
19950228 0.021113 0.036074 0.003534
19950331 -0.003759 0.027329 0.007042
19950428 0.06 0.02796 0.107273
19950531 0.028623 0.036312 0.015873
19950630 0 0.021279 0.0125
19950731 -0.036174 0.031776 -0.00716
19950831 0.00726 -0.00032 -0.03125
19950929 0.10991 0.040098 0.1
19951031 0.057143 -0.004979 -0.062522
19951130 0.067901 0.041049 0.022013
19951229 -0.040462 0.017444 0.024615
19960131 0.016867 0.032617 0.026066
19960229 -0.02381 0.006934 -0.017647
19960329 0.033537 0.007917 -0.023952
19960430 0.00177 0.013431 0.002822
19960531 0.039941 0.022853 0.061538
19960628 0.031294 0.002257 0.008696
19960731 -0.010207 -0.045748 0.014138
19960830 -0.004202 0.018814 0.025641
19960930 0.097046 0.054173 0.094444
19961031 0.02 0.026131 0.03533
19961129 0.098485 0.073376 0.096059
19961231 -0.010345 -0.021505 -0.08764
19970131 0.074983 0.061317 0.078621
19970228 0.038919 0.005928 0.03211
19970331 -0.044745 -0.042614 -0.002222
19970430 0.099782 0.058406 0.09167
19970530 0.096421 0.058577 0.032787
19970630 0.024479 0.043453 0.059524
19970731 0.080566 0.078123 -0.015618
19970829 -0.124897 -0.057446 -0.08405
19970930 0.037559 0.053154 0.066736
19971031 -0.011729 -0.034478 -0.036833
19971128 0.120404 0.044587 0.062181
19971231 0.04758 0.015732 0.005758
19980130 -0.014847 0.01015 0.085229
19980227 0.082935 0.070449 0.056487
19980331 -0.005891 0.049946 0.006683
19980430 -0.022933 0.009076 -0.025062
19980529 0.020532 -0.018826 0.01453
19980630 0.085693 0.039438 0.105307
19980731 -0.125216 -0.011615 0.018902
19980831 -0.03622 -0.145797 -0.075075
19980930 -0.070261 0.062396 0.128247
19981030 0.250931 0.080294 0.085468
19981130 -0.01198 0.059126 0.021277
19981231 0.042083 0.056375 0.020833
19990129 -0.00167 0.041009 -0.049235
19990226 -0.015131 -0.032283 -0.002692
19990331 0.094274 0.038794 0.010796
19990430 -0.039209 0.037944 0.037009
19990528 -0.004664 -0.02497 -0.065891
19990630 -0.044177 0.054438 0.004149
19990730 0.018291 -0.032046 -0.049972
19990831 0.095928 -0.006254 0.010189
19990930 -0.055416 -0.028552 -0.154179
19991029 0.12208 0.062539 0.105145
19991130 0.034565 0.019062 -0.058824
19991231 0.009793 0.057844 -0.044408
20000131 -0.074661 -0.050904 -0.098589
20000229 -0.130489 -0.020108 0.013436
20000331 -0.357041 0.09672 0.066288
20000428 0.063186 -0.030796 0.097762
20000531 0.112971 -0.021915 0.058537
20000630 -0.139098 0.023934 0.095238
20000731 -0.000437 -0.016341 -0.061655
20000831 0.086813 0.060699 0.051051
20000929 0.083923 -0.053483 0.087143
20001031 0.071455 -0.004949 0.114376
20001130 0.048119 -0.080069 0.042604
20001229 0.047579 0.004053 -0.120318
20010131 -0.079649 0.034637 -0.069935
20010228 -0.018653 -0.092291 0.092064
20010330 -0.112057 -0.064205 -0.036742
20010430 -0.035144 0.076814 -0.012715
20010531 0.069775 0.00509 0.120742
20010629 -0.006849 -0.025004 -0.076568
20010731 0.119122 -0.010772 0.120833
20010831 0.044072 -0.064108 -0.072588
20010928 -0.018341 -0.081723 0.04326
20011031 0.018821 0.018099 0.025844
20011130 0.049878 0.075176 0.038128
20011231 0.021559 0.007574 0.013636
20020131 0.037028 -0.015574 0.038744
20020228 0.038075 -0.020766 -0.019931
20020328 0.062507 0.036739 -0.06985
20020430 0.006105 -0.061418 0.030133
20020531 -0.007866 -0.009081 -0.119555
20020628 0.00543 -0.072465 -0.207368
20020731 0.00112 -0.078995 0.106109
20020830 -0.003821 0.004881 -0.033325
20020930 0.008235 -0.110013 0.009243
20021031 -0.005818 0.086436 0.042203
20021129 -0.044319 0.05707 0.045617
20021231 0.016681 -0.060333 -0.086341
20030131 0.000465 -0.027415 -0.041125
20030228 -0.043356 -0.017004 -0.065582
20030331 0.087833 0.008358 0.055868
20030430 0.013588 0.081044 0.086812
20030530 0.021925 0.050899 0.09648
20030630 -0.028752 0.011322 -0.017733
20030731 -0.009587 0.016224 -0.097463
20030829 -0.006601 0.017873 0.026752
20030930 0.063352 -0.011944 0.055831
20031031 0.063833 0.054962 0.007403
20031128 -0.020857 0.007129 0.037072
20031231 0.037822 0.050765 0.054299
20040130 0.01657 0.017276 -0.070279
20040227 0.014147 0.012209 -0.0065
20040331 0.02312 -0.016359 -0.03972
20040430 0.013063 -0.016791 0.077372
20040528 0.019574 0.012083 -0.004019
20040630 0.009831 0.017989 -0.01092
20040730 -0.037472 -0.034291 -0.028214
20040831 0.07325 0.002287 0.059466
20040930 -0.033053 0.009364 0.016071
20041029 -0.049704 0.014014 0.012512
20041130 0.044939 0.038595 -0.015717
20041231 0.029918 0.032458 0.111773
20050131 -0.029049 -0.02529 -0.029368
20050228 -0.00263 0.018903 0.021546
20050331 -0.001695 -0.019118 0.013699
20050429 0.026981 -0.020109 0.060382
20050531 0.018467 0.029952 -0.018714
20050630 -0.043518 -0.000143 0.015962
20050729 0.059905 0.035968 -0.04295
20050831 -0.002696 -0.011222 -0.032168
20050930 0.071738 0.006949 -0.060492
20051031 -0.053649 -0.017741 0.021816
20051130 0.021432 0.035186 -0.124042
20051230 0.012065 -0.000952 0.045611
20060131 0.028162 0.025467 0.101319
20060228 0.011818 0.000453 0.02387
20060331 -0.038378 0.011065 -0.038705
20060428 0.015443 0.012187 0.013304
20060531 -0.06803 -0.030917 -0.000936
20060630 0.024885 8.7e-05 0.021311
20060731 0.016367 0.005086 0.102155
20060831 0.101424 0.021274 0.019468
20060929 0.001292 0.024566 -0.002875
20061031 0.027751 0.031508 -0.015548
20061130 -0.009465 0.016467 -0.017891
20061229 0.023571 0.012616 0.043935
20070131 0.014159 0.014059 0.094129
20070228 -0.021273 -0.021846 0.030566
20070330 -0.005198 0.00998 0.021604
20070430 0.025174 0.043291 0.02052
20070531 -0.013199 0.032549 -0.004769
20070629 -0.037136 -0.017816 -0.049689
20070731 0.016669 -0.031982 -0.047339
20070831 0.055771 0.012864 0.024068
20070928 0.077017 0.035794 0.032942
20071031 -0.006682 0.014822 0.024711
20071130 0.064442 -0.044043 0.052911
20071231 -0.007838 -0.008628 -0.023648
20080131 -0.104195 -0.061163 0.006322
20080229 0.011617 -0.034761 -0.046814
20080331 0.058779 -0.00596 0.029879
20080430 -0.037391 0.047547 -0.03699
20080530 -0.014914 0.010674 0.068246
20080630 -0.079334 -0.085962 -0.059982
20080731 0.083374 -0.009859 0.070417
20080829 0.065516 0.012191 0.019347
20080930 -0.001147 -0.090791 0.002612
20081031 -0.068159 -0.169425 -0.03595
20081128 -0.002944 -0.074849 -0.050045
20081231 -0.039316 0.007822 0.018706
20090130 -0.111938 -0.085657 0.045531
20090227 -0.116147 -0.109931 -0.146104
20090331 -0.022421 0.085405 0.007605
20090430 0.059248 0.093925 -0.114256
20090529 0.050566 0.053081 0.076703
20090630 -0.016173 0.000196 0.043941
20090731 0.094912 0.074142 -0.035077
20090831 -0.025221 0.03356 0.005334
20090930 0.070412 0.035723 0.093743
20091030 0.008978 -0.019762 0.030321
20091130 0.075 0.057364 0.077516
20091231 -0.027586 0.017771 -0.009176
20100129 0.022431 -0.036974 -0.012039
20100226 0.028107 0.028514 0.025312
20100331 -0.000158 0.058796 -0.029477
20100430 -0.009929 0.014759 -0.020501
20100528 -0.017214 -0.081976 -0.070367
20100630 -0.01817 -0.053882 -0.0164
20100730 0.027706 0.068778 0.058572
20100831 -0.024362 -0.047449 0.005297
20100930 0.005028 0.087551 0.058776
20101029 0.068064 0.036856 -0.009188
20101130 -0.039327 -0.00229 -0.093726
20101231 0.053381 0.0653 0.030101
20110131 -0.011164 0.022646 -0.048215
20110228 -0.001267 0.031957 0.065102
20110331 -0.022998 -0.001047 0.019751
20110429 0.062094 0.028495 0.070744
20110531 0.032357 -0.013501 0.004035
20110630 -0.051194 -0.018258 0.007081
20110729 -0.024461 -0.021474 -0.015583
20110831 0.035616 -0.056791 0.023188
20110930 -0.007852 -0.071762 -0.02609
20111031 0.02113 0.107723 0.062769
20111130 0.009064 -0.005059 0.012623
20111230 0.033142 0.008533 0.030797
