          Mkt-RF     SMB     HML      RF
20040102   -0.17    0.83    0.42   0.003
20040105    1.20    0.35    0.00   0.003
20040106    0.20    0.12    0.17   0.003
20040107    0.34    0.49   -0.09   0.003
20040108    0.45    0.33    0.61   0.003
20040109   -0.72    0.03    0.28   0.003
20040112    0.57    0.85    0.01   0.003
20040113   -0.51    0.16    0.25   0.003
20040114    0.80   -0.08    0.40   0.003
20040115    0.15    0.02   -0.33   0.003
20040116    0.72    0.09    0.46   0.003
20040120    0.15    1.16    0.47   0.003
20040121    0.64   -1.07    0.45   0.003
20040122   -0.32   -0.53    0.06   0.003
20040123   -0.14    0.88   -0.42   0.003
20040126    1.12   -0.13   -0.36   0.003
20040127   -0.96   -0.05    0.03   0.003
20040128   -1.44   -0.35   -0.37   0.003
20040129    0.25   -0.96   -0.79   0.003
20040130   -0.15    0.29    0.27   0.003
20040202    0.27   -0.34   -0.33   0.003
20040203    0.00   -0.18   -0.10   0.003
20040204   -0.97   -1.50   -0.36   0.003
20040205    0.23    0.54    0.04   0.003
20040206    1.39    1.07    0.26   0.003
20040209   -0.10    0.32    0.40   0.003
20040210    0.56    0.50    0.23   0.003
20040211    1.04   -0.24   -0.21   0.003
20040212   -0.46   -0.10   -0.22   0.003
20040213   -0.57   -0.69   -0.06   0.003
20040217    0.98    0.32    0.53   0.003
20040218   -0.39   -0.09    0.04   0.003
20040219   -0.54   -0.95   -0.05   0.003
20040220   -0.30   -0.10   -0.29   0.003
20040223   -0.51   -1.17   -0.14   0.003
20040224   -0.14    0.31   -0.21   0.003
20040225    0.54    0.52    0.13   0.003
20040226    0.29    0.49    0.30   0.003
20040227    0.11    0.20    0.43   0.003
20040301    1.02    0.48    0.27   0.004
20040302   -0.59   -0.08    0.08   0.004
20040303    0.14   -0.17   -0.27   0.004
20040304    0.43    0.79    0.12   0.004
20040305    0.24   -0.11   -0.16   0.004
20040308   -0.84   -0.36    0.21   0.004
20040309   -0.66   -0.42   -0.25   0.004
20040310   -1.50   -0.30   -0.31   0.004
20040311   -1.42    0.38   -0.12   0.004
20040312    1.34    0.96    0.21   0.004
20040315   -1.56   -1.03   -0.11   0.004
20040316    0.43   -0.60   -0.12   0.004
20040317    1.22    0.72    0.29   0.004
20040318   -0.20   -0.48    0.15   0.004
20040319   -1.00    0.34    0.30   0.004
20040322   -1.42   -0.64   -0.08   0.004
20040323   -0.09    0.40   -0.05   0.004
20040324   -0.27   -0.06   -0.31   0.004
20040325    1.68    0.74   -0.48   0.004
20040326    0.00    0.25    0.59   0.004
20040329    1.34    0.59   -0.33   0.004
20040330    0.47    0.45    0.26   0.004
20040331    0.00    0.11    0.17   0.004
20040401    0.64    0.22    0.00   0.004
20040402    0.91    0.82   -0.02   0.004
20040405    0.79    0.07   -0.31   0.004
20040406   -0.29   -0.77    0.27   0.004
20040407   -0.50    0.93   -0.22   0.004
20040408   -0.14   -0.26    0.10   0.004
20040412    0.50    0.21   -0.30   0.004
20040413   -1.49   -0.60   -0.22   0.004
20040414   -0.20   -0.37   -0.22   0.004
20040415   -0.05   -0.30   -0.11   0.004
20040416    0.45   -0.07    0.22   0.004
20040419    0.22    0.50   -0.35   0.004
20040420   -1.48   -0.28    0.12   0.004
20040421    0.60    0.46   -0.02   0.004
20040422    1.44    0.05    0.05   0.004
20040423   -0.01   -0.23   -0.09   0.004
20040426   -0.33   -0.15   -0.09   0.004
20040427    0.13   -0.08   -0.08   0.004
20040428   -1.46   -0.93    0.02   0.004
20040429   -0.86   -0.85   -0.51   0.004
20040430   -0.66   -0.82    0.08   0.004
20040503    0.85    0.01   -0.38   0.003
20040504    0.21    0.48    0.08   0.003
20040505    0.27   -0.11   -0.33   0.003
20040506   -0.80   -0.38   -0.20   0.003
20040507   -1.48   -0.60   -0.53   0.003
20040510   -1.29   -0.51   -0.50   0.003
20040511    0.95    0.83    0.15   0.003
20040512    0.12   -0.20   -0.08   0.003
20040513   -0.08   -0.28    0.00   0.003
20040514   -0.17   -0.69    0.22   0.003
20040517   -1.13   -0.36   -0.41   0.003
20040518    0.76    0.30    0.34   0.003
20040519   -0.19    0.05    0.38   0.003
20040520    0.02   -0.16    0.25   0.003
20040521    0.44    0.39    0.02   0.003
20040524    0.29    0.68    0.59   0.003
20040525    1.66    0.58    0.10   0.003
20040526    0.29    0.13    0.01   0.003
20040527    0.51   -0.26   -0.15   0.003
20040528    0.02   -0.03    0.17   0.003
20040601    0.14    0.63   -0.03   0.004
20040602    0.31   -0.24   -0.16   0.004
20040603   -0.90   -0.88   -0.08   0.004
20040604    0.57    0.31    0.04   0.004
20040607    1.56    0.16    0.35   0.004
20040608    0.08   -0.17   -0.06   0.004
20040609   -1.04   -0.48    0.07   0.004
20040610    0.35   -0.29    0.40   0.004
20040614   -1.05   -0.56   -0.42   0.004
20040615    0.71    0.95    0.25   0.004
20040616    0.14    0.18    0.10   0.004
20040617   -0.14   -0.02    0.23   0.004
20040618    0.19   -0.19    0.25   0.004
20040621   -0.42    0.13    0.12   0.004
20040622    0.38    0.23   -0.02   0.004
20040623    0.90    0.49    0.27   0.004
20040624   -0.23    0.08    0.01   0.004
20040625   -0.23    1.17    0.13   0.004
20040628   -0.24   -0.02   -0.19   0.004
20040629    0.31    0.53    0.01   0.004
20040630    0.48    0.12    0.30   0.004
20040701   -1.06   -0.52    0.66   0.005
20040702   -0.28    0.17    0.45   0.005
20040706   -0.93   -0.87    1.10   0.005
20040707    0.15   -0.30    0.20   0.005
20040708   -0.96   -0.98    0.40   0.005
20040709    0.31    0.16   -0.12   0.005
20040712    0.04   -0.48    0.40   0.005
20040713    0.09    0.10    0.00   0.005
20040714   -0.33   -0.34    0.64   0.005
20040715   -0.32    0.60    0.16   0.005
20040716   -0.56   -0.74    0.74   0.005
20040719   -0.12   -0.22    0.60   0.005
20040720    0.83    0.87   -0.72   0.005
20040721   -1.50   -1.19    0.68   0.005
20040722    0.15   -0.49   -0.49   0.005
20040723   -1.03   -0.46    0.87   0.005
20040726   -0.40   -0.70    0.21   0.005
20040727    1.10    0.96   -0.54   0.005
20040728   -0.09   -0.58    0.28   0.005
20040729    0.67    0.95   -0.59   0.005
20040730    0.14    0.20   -0.31   0.005
20040802    0.36   -0.52    0.55   0.005
20040803   -0.75   -0.88    0.90   0.005
20040804   -0.20    0.08   -0.22   0.005
20040805   -1.63   -0.23    0.48   0.005
20040806   -1.59   -0.89    0.79   0.005
20040809    0.02   -0.36    0.11   0.005
20040810    1.39    0.80   -0.52   0.005
20040811   -0.29   -0.37    0.14   0.005
20040812   -1.18   -0.52    0.32   0.005
20040813    0.10   -0.04    0.09   0.005
20040816    1.40    0.40   -0.08   0.005
20040817    0.31    0.13   -0.72   0.005
20040818    1.34    0.75   -0.71   0.005
20040819   -0.38   -0.26    0.22   0.005
20040820    0.79    0.92   -0.32   0.005
20040823   -0.32   -0.37   -0.32   0.005
20040824    0.03    0.17    0.07   0.005
20040825    0.84    0.13   -0.49   0.005
20040826   -0.05   -0.49    0.41   0.005
20040827    0.33    0.51   -0.21   0.005
20040830   -0.86   -0.44    0.39   0.005
20040831    0.48    0.00    0.25   0.005
20040901    0.30    0.53   -0.31   0.005
20040902    1.09    0.29   -0.27   0.005
20040903   -0.45   -0.24    0.42   0.005
20040907    0.73    0.31    0.02   0.005
20040908   -0.48   -0.34    0.08   0.005
20040909    0.34    1.21   -0.34   0.005
20040910    0.53    0.17   -0.71   0.005
20040913    0.30    0.38   -0.48   0.005
20040914    0.19   -0.44   -0.23   0.005
20040915   -0.67    0.16    0.39   0.005
20040916    0.36    0.44    0.32   0.005
20040917    0.35   -0.55    0.05   0.005
20040920   -0.51    0.13    0.20   0.005
20040921    0.66    0.34   -0.05   0.005
20040922   -1.37   -0.51    0.66   0.005
20040923   -0.37    0.39   -0.08   0.005
20040924    0.14   -0.19    0.45   0.005
20040927   -0.71   -0.65    0.46   0.005
20040928    0.63    0.62   -0.19   0.005
20040929    0.50    0.65   -0.67   0.005
20040930    0.06    0.10    0.55   0.005
20041001    1.48    0.56   -0.16   0.005
20041004    0.39    0.37   -0.18   0.005
20041005   -0.11   -0.21    0.23   0.005
20041006    0.69    0.13    0.21   0.005
20041007   -1.05   -0.56    0.29   0.005
20041008   -0.80   -0.48    0.69   0.005
20041011    0.23    0.18   -0.53   0.005
20041012   -0.23   -0.05    0.22   0.005
20041013   -0.75   -0.38   -0.51   0.005
20041014   -0.92    0.04   -0.05   0.005
20041015    0.45    0.26    0.02   0.005
20041018    0.51   -0.02   -0.89   0.005
20041019   -0.92    0.08   -0.51   0.005
20041020    0.11    0.54   -0.04   0.005
20041021    0.37    0.80   -0.13   0.005
20041022   -1.00   -0.58    0.69   0.005
20041025   -0.03    0.64    0.53   0.005
20041026    1.36   -0.53    0.54   0.005
20041027    1.39    0.39   -1.36   0.005
20041028    0.13   -0.32   -0.22   0.005
20041029    0.18   -0.49    0.29   0.005
20041101    0.06    0.37    0.02   0.007
20041102   -0.01   -0.10   -0.18   0.007
20041103    1.17    0.43    0.04   0.007
20041104    1.51   -0.63    0.31   0.007
20041105    0.44    0.28   -0.41   0.007
20041108   -0.13   -0.23   -0.01   0.007
20041109    0.05    0.69   -0.01   0.007
20041110   -0.01    0.47    0.26   0.007
20041111    0.90    0.13   -0.30   0.007
20041112    0.85    0.00   -0.02   0.007
20041115    0.07    0.33   -0.38   0.007
20041116   -0.66   -0.18    0.37   0.007
20041117    0.64    0.31   -0.11   0.007
20041118    0.05   -0.19    0.16   0.007
20041119   -1.11   -0.17    0.91   0.007
20041122    0.60    0.46    0.41   0.007
20041123    0.06    0.28    0.39   0.007
20041124    0.47    0.32    0.13   0.007
20041126    0.12    0.18    0.32   0.007
20041129   -0.21    0.85   -0.22   0.007
20041130   -0.37    0.24    0.05   0.007
20041201    1.48    0.09   -1.04   0.007
20041202   -0.07    0.13   -0.78   0.007
20041203    0.04   -0.17    0.20   0.007
20041206   -0.13   -0.38   -0.07   0.007
20041207   -1.16   -0.89    0.38   0.007
20041208    0.46    0.39   -0.33   0.007
20041209    0.44   -0.74    0.11   0.007
20041210   -0.01    0.44    0.23   0.007
20041213    0.86    0.00   -0.05   0.007
20041214    0.45    0.51   -0.19   0.007
20041215    0.33    0.40    0.48   0.007
20041216   -0.28   -0.42    0.32   0.007
20041217   -0.55    0.51    0.45   0.007
20041220   -0.13   -0.60    0.47   0.007
20041221    0.92    0.25   -0.07   0.007
20041222    0.39    0.06   -0.30   0.007
20041223    0.09    0.20   -0.19   0.007
20041227   -0.45   -0.21   -0.03   0.007
20041228    0.83    0.74   -0.13   0.007
20041229    0.01   -0.06    0.02   0.007
20041230    0.04   -0.04   -0.13   0.007
20041231   -0.14    0.00    0.21   0.007
20050103   -0.97   -0.57   -0.19   0.008
20050104   -1.30   -0.58    0.51   0.008
20050105   -0.51   -1.07    0.00   0.008
20050106    0.34   -0.14    0.19   0.008
20050107   -0.22   -0.75   -0.03   0.008
20050110    0.42    0.23    0.19   0.008
20050111   -0.68   -0.33    0.36   0.008
20050112    0.38   -0.08   -0.02   0.008
20050113   -0.77    0.13    0.54   0.008
20050114    0.66    0.51    0.06   0.008
20050118    0.97    0.16   -0.23   0.008
20050119   -0.97   -0.15    0.49   0.008
20050120   -0.77   -0.14    0.00   0.008
20050121   -0.56    0.28    0.34   0.008
20050124   -0.49   -0.78    0.68   0.008
20050125    0.34    0.17   -0.37   0.008
20050126    0.62    0.91   -0.12   0.008
20050127    0.08    0.18    0.16   0.008
20050128   -0.30   -0.26    0.13   0.008
20050131    0.97    0.77    0.09   0.008
20050201    0.69   -0.07    0.13   0.009
20050202    0.36    0.21    0.27   0.009
20050203   -0.27   -0.13    0.42   0.009
20050204    1.12    0.13   -0.58   0.009
20050207   -0.11    0.10   -0.07   0.009
20050208    0.08    0.19   -0.04   0.009
20050209   -1.00   -1.11    0.81   0.009
20050210    0.35   -0.36    0.19   0.009
20050211    0.77    0.48   -0.39   0.009
20050214    0.09   -0.01    0.15   0.009
20050215    0.28   -0.38    0.04   0.009
20050216    0.07    0.33    0.66   0.009
20050217   -0.79   -0.28    0.23   0.009
20050218    0.01   -0.12    0.08   0.009
20050222   -1.47   -0.28   -0.08   0.009
20050223    0.53   -0.14    0.30   0.009
20050224    0.83    0.17   -0.15   0.009
20050225    0.97    0.35    0.43   0.009
20050228   -0.61    0.24    0.11   0.009
20050301    0.58    0.14   -0.19   0.010
20050302   -0.01   -0.18    0.12   0.010
20050303   -0.01    0.06    0.59   0.010
20050304    0.89   -0.02    0.36   0.010
20050307    0.27   -0.36   -0.03   0.010
20050308   -0.54   -0.41    0.02   0.010
20050309   -0.96    0.13   -0.24   0.010
20050310    0.01   -0.78   -0.35   0.010
20050311   -0.55    0.54    0.62   0.010
20050314    0.61   -0.22    0.17   0.010
20050315   -0.67    0.21    0.29   0.010
20050316   -0.84    0.20    0.18   0.010
20050317    0.19    0.02    0.63   0.010
20050318   -0.13   -0.37    0.12   0.010
20050321   -0.38    0.31   -0.14   0.010
20050322   -0.92    0.66   -0.10   0.010
20050323   -0.12   -0.84   -0.66   0.010
20050324    0.01    0.47   -0.05   0.010
20050328    0.15   -0.22    0.01   0.010
20050329   -0.86   -0.80   -0.01   0.010
20050330    1.35    0.12   -0.27   0.010
20050331    0.00   -0.02    0.73   0.010
20050401   -0.64   -0.05    0.71   0.010
20050404    0.29    0.02    0.14   0.010
20050405    0.40   -0.15   -0.31   0.010
20050406    0.22   -0.09    0.00   0.010
20050407    0.57    0.00   -0.22   0.010
20050408   -0.88   -0.43    0.00   0.010
20050411   -0.09   -0.62    0.09   0.010
20050412    0.56    0.24   -0.18   0.010
20050413   -1.22   -0.33   -0.16   0.010
20050414   -1.10   -0.57   -0.16   0.010
20050415   -1.59   -0.08   -0.49   0.010
20050418    0.29    0.32    0.20   0.010
20050419    0.75    0.76    0.22   0.010
20050420   -1.35   -0.17   -0.02   0.010
20050421    1.87    0.23   -0.43   0.010
20050422   -0.83   -0.80    0.51   0.010
20050425    0.93    0.04    0.06   0.010
20050426   -0.88   -0.46   -0.15   0.010
20050427    0.30   -0.50   -0.42   0.010
20050428   -1.20   -0.90    0.37   0.010
20050429    1.04   -0.38   -0.15   0.010
20050502    0.52    0.45    0.11   0.011
20050503   -0.04    0.03   -0.51   0.011
20050504    1.28    0.30    0.26   0.011
20050505   -0.19    0.24   -0.23   0.011
20050506   -0.03    0.32    0.15   0.011
20050509    0.61    0.30   -0.04   0.011
20050510   -1.03   -0.16   -0.01   0.011
20050511    0.39   -0.38   -0.22   0.011
20050512   -1.02   -0.15   -0.89   0.011
20050513   -0.50   -0.08   -0.70   0.011
20050516    1.03    0.46   -0.37   0.011
20050517    0.66   -0.23    0.33   0.011
20050518    1.15    0.94   -0.44   0.011
20050519    0.47   -0.15    0.09   0.011
20050520   -0.13   -0.03    0.14   0.011
20050523    0.43    0.18    0.02   0.011
20050524    0.05    0.00    0.05   0.011
20050525   -0.44   -0.56    0.31   0.011
20050526    0.74    0.65   -0.02   0.011
20050527    0.18    0.08    0.40   0.011
20050531   -0.49    0.45    0.35   0.011
20050601    0.90    0.16    0.00   0.010
20050602    0.24    0.09   -0.23   0.010
20050603   -0.67   -0.19    0.55   0.010
20050606    0.14    0.29    0.13   0.010
20050607   -0.03    0.15    0.04   0.010
20050608   -0.28   -0.35    0.28   0.010
20050609    0.58    0.25    0.04   0.010
20050610   -0.21    0.11    0.52   0.010
20050613    0.28    0.12    0.21   0.010
20050614    0.31    0.43    0.30   0.010
20050615    0.22    0.22    0.18   0.010
20050616    0.46    0.59   -0.26   0.010
20050617    0.36   -0.56    0.22   0.010
20050620   -0.07   -0.33    0.12   0.010
20050621   -0.18    0.14   -0.23   0.010
20050622    0.05    0.25   -0.02   0.010
20050623   -1.07   -0.41    0.22   0.010
20050624   -0.72    0.01    0.09   0.010
20050627   -0.07   -0.13    0.65   0.010
20050628    1.05    1.03   -0.63   0.010
20050629   -0.07    0.33    0.09   0.010
20050630   -0.63    0.21    0.30   0.010
20050701    0.32    0.09    0.46   0.012
20050705    0.92    0.55   -0.14   0.012
20050706   -0.73    0.12   -0.09   0.012
20050707    0.26   -0.12   -0.16   0.012
20050708    1.21    0.75   -0.59   0.012
20050711    0.69    0.73   -0.11   0.012
20050712    0.20   -0.28   -0.05   0.012
20050713    0.01   -0.38    0.03   0.012
20050714    0.14   -0.62   -0.59   0.012
20050715    0.12    0.00   -0.12   0.012
20050718   -0.55   -0.15    0.10   0.012
20050719    0.75    0.86   -0.10   0.012
20050720    0.54    0.74   -0.27   0.012
20050721   -0.74   -0.59    0.08   0.012
20050722    0.57    0.90    0.71   0.012
20050725   -0.47   -0.51    0.18   0.012
20050726    0.21    0.28    0.15   0.012
20050727    0.43   -0.37    0.00   0.012
20050728    0.67    0.47   -0.08   0.012
20050729   -0.66    0.25    0.08   0.012
20050801    0.15    0.27   -0.16   0.013
20050802    0.70    0.02    0.29   0.013
20050803   -0.02   -0.62    0.03   0.013
20050804   -0.82   -0.82    0.38   0.013
20050805   -0.81   -0.29   -0.10   0.013
20050808   -0.32    0.02    0.21   0.013
20050809    0.55   -0.46    0.02   0.013
20050810   -0.13   -0.01    0.40   0.013
20050811    0.71    0.17   -0.11   0.013
20050812   -0.57   -0.38    0.17   0.013
20050815    0.30    0.48   -0.21   0.013
20050816   -1.22   -0.42    0.09   0.013
20050817    0.05    0.12   -0.46   0.013
20050818   -0.15   -0.46    0.10   0.013
20050819    0.07    0.04    0.24   0.013
20050822    0.19    0.48    0.16   0.013
20050823   -0.31   -0.03    0.05   0.013
20050824   -0.56    0.44    0.18   0.013
20050825    0.21    0.12    0.22   0.013
20050826   -0.66   -0.57   -0.13   0.013
20050829    0.65    0.36   -0.20   0.013
20050830   -0.31   -0.02    0.40   0.013
20050831    1.10    0.69   -0.10   0.013
20050901    0.13   -0.05    0.37   0.014
20050902   -0.36   -0.28   -0.11   0.014
20050906    1.22    0.24   -0.45   0.014
20050907    0.30    0.10   -0.16   0.014
20050908   -0.40   -0.10   -0.07   0.014
20050909    0.73   -0.13    0.27   0.014
20050912    0.00    0.55   -0.46   0.014
20050913   -0.76   -0.20    0.12   0.014
20050914   -0.44   -0.68    0.53   0.014
20050915   -0.02   -0.24    0.30   0.014
20050916    0.72    0.13   -0.05   0.014
20050919   -0.55   -0.17    0.39   0.014
20050920   -0.78   -0.16    0.06   0.014
20050921   -1.03   -0.50    0.39   0.014
20050922    0.30   -0.04   -0.27   0.014
20050923    0.15    0.56    0.06   0.014
20050926    0.12    0.50    0.16   0.014
20050927   -0.02   -0.08    0.00   0.014
20050928    0.06   -0.61    0.38   0.014
20050929    0.92    0.25   -0.05   0.014
20050930    0.20    0.31   -0.32   0.014
20051003    0.00    0.45    0.05   0.013
20051004   -0.97    0.23   -0.34   0.013
20051005   -1.63   -0.99   -0.39   0.013
20051006   -0.57   -0.32    0.05   0.013
20051007    0.42    0.31    0.23   0.013
20051010   -0.73   -0.07   -0.30   0.013
20051011   -0.33   -0.95    0.26   0.013
20051012   -0.79   -0.49   -0.08   0.013
20051013   -0.09    0.47   -0.88   0.013
20051014    0.92    0.51   -0.04   0.013
20051017    0.29   -0.38    0.25   0.013
20051018   -1.03    0.07   -0.47   0.013
20051019    1.45    0.42   -0.12   0.013
20051020   -1.44    0.02   -0.59   0.013
20051021    0.32    0.38    0.24   0.013
20051024    1.70    0.15    0.45   0.013
20051025   -0.30   -0.39    0.40   0.013
20051026   -0.46   -0.18    0.09   0.013
20051027   -1.24   -0.97    0.23   0.013
20051028    1.55   -0.01    0.26   0.013
20051031    0.96    0.80   -0.02   0.013
20051101   -0.27   -0.18    0.30   0.015
20051102    1.15    0.82    0.02   0.015
20051103    0.43   -0.10   -0.29   0.015
20051104    0.01    0.07   -0.41   0.015
20051107    0.25    0.28   -0.34   0.015
20051108   -0.37   -0.36    0.06   0.015
20051109    0.15    0.22   -0.03   0.015
20051110    0.80   -0.06   -0.73   0.015
20051111    0.27    0.00   -0.17   0.015
20051114   -0.10   -0.33    0.03   0.015
20051115   -0.49   -0.64   -0.09   0.015
20051116    0.11   -0.37    0.11   0.015
20051117    1.06    0.68   -0.19   0.015
20051118    0.43    0.24   -0.10   0.015
20051121    0.60    0.38   -0.24   0.015
20051122    0.48   -0.06    0.03   0.015
20051123    0.31   -0.25    0.18   0.015
20051125    0.18   -0.13   -0.05   0.015
20051128   -1.01   -0.67    0.11   0.015
20051129    0.01    0.29    0.25   0.015
20051130   -0.43    1.10   -0.16   0.015
20051201    1.27    0.46    0.18   0.015
20051202    0.05    0.05   -0.14   0.015
20051205   -0.30   -0.23    0.11   0.015
20051206    0.12    0.05    0.04   0.015
20051207   -0.49   -0.06    0.05   0.015
20051208   -0.03    0.21    0.16   0.015
20051209    0.27    0.24   -0.09   0.015
20051212    0.10    0.09   -0.02   0.015
20051213    0.44   -0.57   -0.04   0.015
20051214    0.34   -0.23    0.10   0.015
20051215   -0.23   -0.58   -0.25   0.015
20051216   -0.29    0.05   -0.10   0.015
20051219   -0.73   -0.76    0.23   0.015
20051220   -0.02   -0.01    0.04   0.015
20051221    0.33    0.67   -0.43   0.015
20051222    0.45    0.11   -0.13   0.015
20051223    0.08    0.26    0.02   0.015
20051227   -1.00   -0.39    0.09   0.015
20051228    0.19    0.37    0.12   0.015
20051229   -0.27   -0.01    0.24   0.015
20051230   -0.50   -0.20    0.28   0.015